cur_pos = [421, 169, 0]
route = ([[421, 169, 0]], 29.0)
cur_pos = [421, 168, 0]
route = ([[421, 168, 0], [421, 169, 0]], 29.0)
cur_pos = [421, 167, 0]
route = ([[421, 167, 0], [421, 168, 0], [421, 169, 0]], 29.0)
cur_pos = [421, 166, 0]
route = ([[421, 166, 0], [421, 167, 0], [421, 168, 0], [421, 169, 0]], 29.0)
cur_pos = [421, 165, 0]
route = ([[421, 165, 0], [421, 166, 0], [421, 167, 0], [421, 168, 0], [421, 169, 0]], 29.0)
cur_pos = [421, 164, 0]
route = ([[421, 164, 0], [421, 165, 0], [421, 166, 0], [421, 167, 0], [421, 168, 0], [421, 169, 0]], 29.0)
cur_pos = [421, 163, 0]
route = ([[421, 163, 0], [421, 164, 0], [421, 165, 0], [421, 166, 0], [421, 167, 0], [421, 168, 0], [421, 169, 0]], 29.0)
cur_pos = [421, 162, 0]
route = ([[421, 162, 0], [421, 163, 0], [421, 164, 0], [421, 165, 0], [421, 166, 0], [421, 167, 0], [421, 168, 0], [421, 169, 0]], 29.0)
cur_pos = [421, 161, 0]
route = ([[421, 161, 0], [421, 162, 0], [421, 163, 0], [421, 164, 0], [421, 165, 0], [421, 166, 0], [421, 167, 0], [421, 168, 0], [421, 169, 0]], 29.0)
cur_pos = [421, 160, 0]
route = ([[421, 160, 0], [421, 161, 0], [421, 162, 0], [421, 163, 0], [421, 164, 0], [421, 165, 0], [421, 166, 0], [421, 167, 0], [421, 168, 0], [421, 169, 0]], 29.0)
cur_pos = [421, 159, 0]
route = ([[421, 159, 0], [421, 160, 0], [421, 161, 0], [421, 162, 0], [421, 163, 0], [421, 164, 0], [421, 165, 0], [421, 166, 0], [421, 167, 0], [421, 168, 0], [421, 169, 0]], 29.0)
cur_pos = [421, 158, 0]
route = ([[421, 158, 0], [421, 159, 0], [421, 160, 0], [421, 161, 0], [421, 162, 0], [421, 163, 0], [421, 164, 0], [421, 165, 0], [421, 166, 0], [421, 167, 0], [421, 168, 0], [421, 169, 0]], 29.0)
cur_pos = [421, 157, 0]
route = ([[421, 157, 0], [421, 158, 0], [421, 159, 0], [421, 160, 0], [421, 161, 0], [421, 162, 0], [421, 163, 0], [421, 164, 0], [421, 165, 0], [421, 166, 0], [421, 167, 0], [421, 168, 0], [421, 169, 0]], 29.0)
cur_pos = [421, 156, 0]
route = ([[421, 156, 0], [421, 157, 0], [421, 158, 0], [421, 159, 0], [421, 160, 0], [421, 161, 0], [421, 162, 0], [421, 163, 0], [421, 164, 0], [421, 165, 0], [421, 166, 0], [421, 167, 0], [421, 168, 0], [421, 169, 0]], 29.0)
cur_pos = [421, 155, 0]
route = ([[421, 155, 0], [421, 156, 0], [421, 157, 0], [421, 158, 0], [421, 159, 0], [421, 160, 0], [421, 161, 0], [421, 162, 0], [421, 163, 0], [421, 164, 0], [421, 165, 0], [421, 166, 0], [421, 167, 0], [421, 168, 0], [421, 169, 0]], 29.0)
cur_pos = [421, 154, 0]
route = ([[421, 154, 0], [421, 155, 0], [421, 156, 0], [421, 157, 0], [421, 158, 0], [421, 159, 0], [421, 160, 0], [421, 161, 0], [421, 162, 0], [421, 163, 0], [421, 164, 0], [421, 165, 0], [421, 166, 0], [421, 167, 0], [421, 168, 0], [421, 169, 0]], 29.0)
cur_pos = [421, 153, 0]
route = ([[421, 153, 0], [421, 154, 0], [421, 155, 0], [421, 156, 0], [421, 157, 0], [421, 158, 0], [421, 159, 0], [421, 160, 0], [421, 161, 0], [421, 162, 0], [421, 163, 0], [421, 164, 0], [421, 165, 0], [421, 166, 0], [421, 167, 0], [421, 168, 0], [421, 169, 0]], 29.0)
cur_pos = [421, 152, 0]
route = ([[421, 152, 0], [421, 153, 0], [421, 154, 0], [421, 155, 0], [421, 156, 0], [421, 157, 0], [421, 158, 0], [421, 159, 0], [421, 160, 0], [421, 161, 0], [421, 162, 0], [421, 163, 0], [421, 164, 0], [421, 165, 0], [421, 166, 0], [421, 167, 0], [421, 168, 0], [421, 169, 0]], 29.0)
cur_pos = [421, 151, 0]
route = ([[421, 151, 0], [421, 152, 0], [421, 153, 0], [421, 154, 0], [421, 155, 0], [421, 156, 0], [421, 157, 0], [421, 158, 0], [421, 159, 0], [421, 160, 0], [421, 161, 0], [421, 162, 0], [421, 163, 0], [421, 164, 0], [421, 165, 0], [421, 166, 0], [421, 167, 0], [421, 168, 0], [421, 169, 0]], 29.0)
cur_pos = [421, 150, 0]
route = ([[421, 150, 0], [421, 151, 0], [421, 152, 0], [421, 153, 0], [421, 154, 0], [421, 155, 0], [421, 156, 0], [421, 157, 0], [421, 158, 0], [421, 159, 0], [421, 160, 0], [421, 161, 0], [421, 162, 0], [421, 163, 0], [421, 164, 0], [421, 165, 0], [421, 166, 0], [421, 167, 0], [421, 168, 0], [421, 169, 0]], 29.0)
cur_pos = [421, 149, 0]
route = ([[421, 149, 0], [421, 150, 0], [421, 151, 0], [421, 152, 0], [421, 153, 0], [421, 154, 0], [421, 155, 0], [421, 156, 0], [421, 157, 0], [421, 158, 0], [421, 159, 0], [421, 160, 0], [421, 161, 0], [421, 162, 0], [421, 163, 0], [421, 164, 0], [421, 165, 0], [421, 166, 0], [421, 167, 0], [421, 168, 0], [421, 169, 0]], 29.0)
cur_pos = [421, 148, 0]
route = ([[421, 148, 0], [421, 149, 0], [421, 150, 0], [421, 151, 0], [421, 152, 0], [421, 153, 0], [421, 154, 0], [421, 155, 0], [421, 156, 0], [421, 157, 0], [421, 158, 0], [421, 159, 0], [421, 160, 0], [421, 161, 0], [421, 162, 0], [421, 163, 0], [421, 164, 0], [421, 165, 0], [421, 166, 0], [421, 167, 0], [421, 168, 0], [421, 169, 0]], 29.0)
cur_pos = [421, 147, 0]
route = ([[421, 147, 0], [421, 148, 0], [421, 149, 0], [421, 150, 0], [421, 151, 0], [421, 152, 0], [421, 153, 0], [421, 154, 0], [421, 155, 0], [421, 156, 0], [421, 157, 0], [421, 158, 0], [421, 159, 0], [421, 160, 0], [421, 161, 0], [421, 162, 0], [421, 163, 0], [421, 164, 0], [421, 165, 0], [421, 166, 0], [421, 167, 0], [421, 168, 0], [421, 169, 0]], 29.0)
cur_pos = [421, 146, 0]
route = ([[421, 146, 0], [421, 147, 0], [421, 148, 0], [421, 149, 0], [421, 150, 0], [421, 151, 0], [421, 152, 0], [421, 153, 0], [421, 154, 0], [421, 155, 0], [421, 156, 0], [421, 157, 0], [421, 158, 0], [421, 159, 0], [421, 160, 0], [421, 161, 0], [421, 162, 0], [421, 163, 0], [421, 164, 0], [421, 165, 0], [421, 166, 0], [421, 167, 0], [421, 168, 0], [421, 169, 0]], 29.0)
cur_pos = [421, 145, 0]
route = ([[421, 145, 0], [421, 146, 0], [421, 147, 0], [421, 148, 0], [421, 149, 0], [421, 150, 0], [421, 151, 0], [421, 152, 0], [421, 153, 0], [421, 154, 0], [421, 155, 0], [421, 156, 0], [421, 157, 0], [421, 158, 0], [421, 159, 0], [421, 160, 0], [421, 161, 0], [421, 162, 0], [421, 163, 0], [421, 164, 0], [421, 165, 0], [421, 166, 0], [421, 167, 0], [421, 168, 0], [421, 169, 0]], 29.0)
cur_pos = [421, 144, 0]
route = ([[421, 144, 0], [421, 145, 0], [421, 146, 0], [421, 147, 0], [421, 148, 0], [421, 149, 0], [421, 150, 0], [421, 151, 0], [421, 152, 0], [421, 153, 0], [421, 154, 0], [421, 155, 0], [421, 156, 0], [421, 157, 0], [421, 158, 0], [421, 159, 0], [421, 160, 0], [421, 161, 0], [421, 162, 0], [421, 163, 0], [421, 164, 0], [421, 165, 0], [421, 166, 0], [421, 167, 0], [421, 168, 0], [421, 169, 0]], 29.0)
